000001 0 2 6 8 12
000004 0 2 5 6 8 10 12
000007 0 6 8
000012 0 6 8 12
000025 0 2 3 8 14
000027 0 2 3 5 6 8 14
000028 0 2 3 5 6 8 14
000035 0 2 3 5 6 8 14
000037 0 2 5 6
000042 0 2 3 5 6 8 14
000067 0 2 5 6 8 12
000077 0 5 6 12
000078 0 2 6 8 12
000017 0 6 8 12
000029 0 2 3 5 6 8 14
000031 0 2 3 5 8 14
000036 0 2 3 5 6 8 14
000040 0 2 3 14
000041 0 2 3 5 6 8 14
000043 0 2 3 5 6 8 14
000063 0 2 5 6 8
000073 0 2 5 6 8 10 12
000074 0 2 6 8 12
000076 0 6 8 12
000097 6 12
000098 12
000099 12
000100 12
000101 0 8
000102 0 6 8
000103 0 2 6 8 10 14
000105 0 6 8
000107 0 2 6 8
000108 0 2 5 6 8 14
000109 0 5 6 8
000111 0 6 8
000112 0 6 8
000118 0 5 8
000119 0 5
000143 0 8 14
000146 0 8 15
000159 0 5 8 14
000161 0 8 14
000163 0 6 8 14
000164 0 6 8 14
000166 0 2 8 15
000167 0 14
000168 0 8 14
000169 0
000171 0 8 14
000177 0 6 8 14
000183 0 8 14
000186 0 8 14
000235 0 8 14 15
000250 0 8 14
000269 0 8 14
000276 0 8 14
000289 0 8 14
000290 0 8 14
000291 0 8 14
000292 0 8 14
000293 0 8
000295 0 8 14 15
000296 0 8 14 15
000304 0 6 8 14
000309 6
000310 0 6 8 14
000313 6
100002 0 4 6 9 10
100003 0 4 6 9 15
100516 0 4 6 8 10 14 16
100531 0 4 6 8 10
100533 0 4 6 8 10
100007 0 4 6 9
100011 0 4 6 9 15
100014 0 4 9
100015 0 4 9
100016 0 4 6 9 15
100018 0 4 6
100019 0 4
100022 0 4 6 9
100023 0 4 6
100024 0 4
100026 0 4 9
100029 0 4 9
100030 0 4 9
100032 0 4 9
100033 0 4
100034 0 4
100036 0 4
100038 0 4
100039 0 4
100041 0 4 9
100045 0 4 6 9
100047 0 4 6 9 15
100049 0 4 6 9
100050 0 4 6 9
100051 0 4 6 9
100052 0 4 6 15
100055 0 4 6
100056 0 4
100057 0 4
100058 0 4
100060 0 1 4
100061 0 1 3 4
100062 0 1 3 8 15
100067 0 1
100068 0 8
100069 0 1 8 15
100070 0 8 15
100071 0 8
100072 0
100074 0 1
100075 0 1 3 14
100078 0 8
100079 0 8 15
100080 0 1 3 14
100081 0 3
100082 0 3 8
100087 0 3 8
100088 0 8 15
100089 0 3 8 15
100092 0 3 8 15
100094 0 3 8
100095 0 3 8
100096 0 1 3 14
100098 0 8 15
100099 0 3 4 8 14
100102 0 1 3 4 14
100103 0 3 8
100105 0 3 8 15
100108 0 4 6 9
100109 0 4 9
100110 0 4
100111 0
100115 0 4 6 15
100116 0 4 6 9
100118 0
100121 0 4 6 9
100122 0 4 6
100123 0 6
100125 0 9
100126 0 5 6 9
100127 0 4 5 6
100128 0 4 6
100129 0 6
100130 0 4 6 9
100131 0 5 9
100132 0 5 6 9
100134 0 4 5 6
100135 0 4 6
100136 0 4 6
100137 0 5 9
100138 0 5 9
100139 0 5 6 9
100140 0 4 5 6 9
100142 0 4 5 6 9
100143 0 4 6 9
100144 0 4 5 6 9
100145 0 5 9
100147 0 5 6 9
100148 0 4 6
100149 0 4 6
100150 0 4 5 6 9
100151 0 4 5 6 9
100152 0 4 5 6 9
100153 0 5 6 9
100155 0 6
100156 0 6
100157 0 4 5 6 9
100158 0 4 5 6 9
100160 0 4 9
100161 0 4
100162 0
100164 0 4 6 9 10
100165 0
100167 0
100168 0 6
100169 0 4
100170 0 4 9
100622 0 4 5 8 10
100627 0 4 6 8 10 15 16
100634 0 3 4 6 8
100175 0
100176 0 9
100180 0
100181 0 6 9
100182 0 6
100184 0 9 10
100187 0
100188 0 9
100189 0 9 10
100190 0 9 10
100191 0 9 10
100192 0 6 10
100408 0 4 6 8 10 14 15
100194 0 6 9 10
100195 0 9 10
100196 0 9 10
100197 0 6 10
100198 0
100199 0 4 10
100203 0 9 10
100204 0
100206 0 4 10
100207 0 4 5 6 8
100208 0 4 5 6 8
100210 0 9
100211 0 4 9
100213 0 6 9
100214 0 6 9
100217 0 8
100221 0 6
100222 0 6 8 9
100290 0 6 8
100308 0 3 6 8 9
100312 0 3 8 9
100097 0 3 8 14 15
100100 0 1 3 14
100106 0 3 8 15
100238 0 8 9
100239 0 8 9
100240 0 8
100243 0 8
100244 0 8
100245 0 6 8 9
100246 0 6 8 9
100248 0 8
100249 0 8
100251 0
100254 0
100256 0
100259 0 8
100261 0 6 8
100262 0 6 8
100265 0 8
100268 0
100270 0
100274 0 8
100279 0 6 8
100280 0 2 8
100281 0
100282 0
100284 0
100285 0
100286 0
100288 0 8
100291 0 6 8
100292 0 6 8
100293 0 8
100295 0
100296 0
100298 0
100303 0 6 8
100305 0 9
100307 0 8 9
100311 0 8 9
100313 0 8
100314 0 9
100316 0 8
100317 0 8 9
100318 0 9 10
100319 0 9
100323 0
100326 0 9
100327 0
100329 0 4 10
100332 0 9
100333 0 9
100334 0 9
100335 0 9
100336 0
100338 0 6 16
100339 0 6 9 16
100341 0 9 16
100342 0 6 10
100343 0 4 6 10
100344 0 4 10
100347 0 4 6 8 10
100349 0 4 8
100351 0 5 6 8
100352 0
100353 0
100354 0
100355 0
100356 0
100357 0
100358 0
100359 0
100361 0 8
100363 0
100364 0
100365 0
100366 0
100367 0
100368 0
100370 0
100372 0 8
100373 0 8
100376 0 6 8
100377 0 6 8
100379 0 8
100384 0 8
100388 0
100389 0
100392 0
100393 0
100400 0 8 9
100401 0 8 9
100402 0 8 9
100404 0
100405 0
100406 0
100407 0
100410 0
100413 0 6 8
100417 0 6 8
100422 0 6 8
100425 0 4 6 8 10 14
100431 0
100432 6
100437 0 4 6 8 10 14
100439 0 4 6 8 10 14
100441 0
100442 0
100444 0
100445 0 8
100446 0 6 8
100449 0 8 9
100450 0 8 9
100451 0 8
100452 0 4 8 10
100453 0 4 8 10 14
100454 0
100455 0
100457 0
100463 0
100467 0 8 9
100469 0 4 6 8 10 14
100477 0 4 6 8 14
100478 0 4 6 8 10 14
100487 0 4 6 8 10 14
100488 0 4 6 8 10 14
100490 0 4 6 10 14
100491 0 4 6 8 10 14
100492 0 4 6 8 10 14
100501 0 4 6 8 15 16
100507 0
100509 0
100513 0 4 6 8 10 14
100514 0 4 6 8 10 14
100519 0 6 8 16
100525 0 4 6 8 15 16
100526 0 4 6 8 16
100530 0
100532 0 4 6 8 10
100534 0 3 4 10
100535 0 4 6 10
100537 0 4 6 8 16
100539 0 6 8 16
100542 0 6 8 16
100543 0 6 8 16
100544 0
100549 0 6 8 16
100552 0 8
100553 0
100562 0
100563 0
100567 0 4 10
100568 0 4 8 10
100574 0 4 10
100581 0 6 8
100583 0
100588 0
100590 0 6 8
100591 0 8
100592 0 8
100595 0
100596 0
100601 0 6 8
100602 0
100603 0 4 6
100605 0
100606 0 6 8
100607 0 6 8 16
100608 0 6 8 16
100609 0 4 5 6
100610 0 4 5 8 10
100611 0 8
100612 0
100613 0 6 8 16
100614 0 4 5 6 8 10
100615 0 4 5 6 8 10
100617 0
100618 0 3 4 5 6 8
100619 0
100620 0 4 6 8 10 16
100623 0 4 5 6 8 10
100625 0
100626 0
100628 0 6 8 16
100629 0 3 4 5 6 8
100631 0 4 6 8 10
100632 0 3 4 6 8 10
100633 0 4 6 8 10
100636 0 3 4 8 10
200001 11
200002 0 11
200003 0 11
200005 0 11
200008 0 11
200010 0 11
200014 0 11
200015 0 8
200019 0 8 11
200020 0 8
200022 11
200023 11
200024 0 11
200027 0 8
200030 0 8 11
200032 0 8
200033 0 8
200034 11
200035 11
200036 0 8 11
200039 0 8
200040 11
200041 11
200043 0 8
200044 0 8
200046 11
200047 11
200049 0 8
200052 0 8
200054 11
200055 0 8
200056 0
200058 11
200059 11
200060 0
200064 11
200065 11
200068 11
200069 11
200070 11
200072 11
200073 11
200075 11
200076 11
200079 11
200081 11
200082 11
200083 11
200084 11
200085 11
200086 11
200088 11
200089 11
200090 11
200092 11
200093 11
200094 11
200095 11
200096 11
200097 11
200099 11
200100 11
200101 11
200102 0 11
200103 0
200104 0
200106 0 11
200108 0 11
200110 0
200111 0
200113 0 11
200114 0 11
200115 11
200116 11
200117 11 13
200118 11 13
200119 11
200122 11
200123 11
200124 11 13
200125 11
200126 11 13
200127 11 13
200128 11 13
200130 0 11 13
200131 11 13
200132 0 11 13
200133 11 13
200134 0 8
200136 0 8
200139 0 8 12
200141 0 6 8 12
200143 0 6 8 12 15
200144 0 8 12 15
200145 0 8 12
200146 0 8 12 15
200147 0 8 12 15
200148 0 8 12 15
200150 0 8 12 15
200152 0 8 12 15
200153 0 6 8 12
200154 0 6 8 12 15
200155 0 8
200156 0 8
200157 0 8
200159 0 8
200160 0 8
200161 0 8
200162 11
200164 11
200165 11
200168 11 13
200170 11 13
200171 11 13
200172 0 4 11
200173 11
200174 11 13
200176 0 11
200177 11
200178 0 11
200180 0 11
200184 11 13
200187 0 4 6 8
200188 0 8
200189 11
200190 11
200192 0 8
200193 0 8 11
200197 0 8 11
200199 11
200200 11
200201 11
200203 0 8 11
200204 0 8
200205 0 8
200207 0 8
200208 0
200209 0
200212 0 8
200213 0 4
200214 0 11
200215 0 4
200216 0 4
200217 0
200218 0 8
200219 0 6 8
200221 0 6 8
200222 0
200224 0 8
200230 0 8
200233 0
200234 0 4
200235 0 9 11
200237 0
200243 0
200245 0 4
200246 0
200249 0
200251 0
200252 0
200253 0
200255 0 4
200256 0 8
200259 0 8 11
200261 0 8
200262 0 8 11
200264 0 8
200265 0 8
200267 0 4 8
200271 0
200273 0 11
200274 0 11
200276 0 8
200278 0 11
200279 11
200280 0 4 11
200281 0 4 8
200282 0 4 11
200283 0 8
200284 0 8
200286 0
200290 0
200294 11
200295 0 4
200297 0 8
200299 0 8
200302 0 8
200303 0 8
200304 0
200305 0
200306 0 8
200310 0
200314 0 9
200317 0 9
200319 0 9
200320 0 9
200321 0
200323 0
200324 0
200327 0
200330 0 8
200331 11
200333 0 8
200335 0 8
200337 11
200338 0
200340 0 4 8
200342 0 8 11
200343 11
200345 0 4 15
200348 0
200350 0 8
200353 0 4 8 12
200354 0 6 8 12
200355 0 8 12
200357 0 4
200358 0 8 12
200359 0 4 8 12 15
200360 0 4 8 12 15
200362 11
200364 0 8 12 15
200365 0 6 8 12 15
200367 0 4 8 12 15
200369 0 8 15
200372 0 8 12 15
200374 0 4 8
200375 0 8 12
200378 11
200380 0
200382 0 4
200384 0 4
200385 0 4 11
200387 0 4
200388 0 4
200389 0
200390 0
200391 0 4
200393 0 4
200394 0 4
200397 0 4
200398 0
200399 0
200400 0 4
200401 0 4
200403 0 4
200405 0 4 8
200406 0 4
200409 0 4
200410 0 4
200412 0 4 8
200416 0 4
300001 0 3 6 8
300002 0 3 6 8
300003 0 3 8
300006 0 3 8
300007 0 3 8
300008 0 3
300009 0 3 6 8
300010 0 3 8
300011 0 6 8
300012 0 3 8
300015 0 3 8
300018 0 3
300019 0 3
300020 0 3
300021 0 3
300022 0 3
300023 0 3
300024 0 3
300026 0 3
300028 0 3
300030 0 3
300031 0 3
300032 0 3
300033 0 3
300035 0 3
300036 0 3
300037 0 3
300039 0 3
300040 0 3
300041 0 3
300043 0 3
300044 0 3
300045 0 3 5
300049 0 3 5
300050 0 3 5
300052 0 3 5
300053 0 3 5
300054 0 3 5
300055 0 3 5
300057 0 3 5
300058 0 3 5
300059 0 3 5
300061 0 3 5
300063 0 3 5
300064 0 3
300065 0 3
300066 0 3
300067 0 3
300068 0 3
300069 0 3
300070 0 3
300071 0 3
300072 0 3
300073 0 3
300078 0 3
300079 0 3
300080 0 3
300083 0 3
300085 0 3 8
300088 0 3 6 12
300089 0 3 6 8 12
300091 0 3 12
300092 0 3 8 12
300099 0 3 12
300100 0 3 12
300101 0 3 8 12 13
300102 0 3 8 13
300103 0 3 8 13
300106 0 3 6 8 13
300109 0 3 6 8 13
300110 0 3 6 8 13
300111 0 3 6 8 13
300112 0 3 6 8 13
300113 0 3 6 8 13
300114 0 3 6 8 13
300115 0 3 6 8
300116 0 3 6 8 13
300117 0 3 6 8 13
300120 0 3 6 8 13
300121 0 3 6 8 13
300122 0 3 8 13
300126 0 3 15
300127 0 3
300128 0 3
300130 0 3 13
300133 0 3 13
300134 0 3 13
300135 0 3 13
300136 0 3 13
300138 0 3 8 13
300139 0 3 8 13
300141 0 3 6 8 13
300142 0 3 6 8 13
300143 0 8
300147 0 8
300148 0
300149 0 8
300150 0 8
300152 0
300155 0 3
300156 0 3
300158 0 3
400001 0 2 3 4 7
400002 0 7 9
400004 0 2 3 7 15
400005 0 2 3 4 7
400013 0 3 7
400018 0 3 6 10
400019 0 3 10
400020 0 3 4 7 10
400021 0 3 4 7 10
400022 0 3 4 7
400024 0 3 4 7
400025 0 3 4 6
400026 0 3 4 7 10
400029 0 3 4 6 7
400030 0 3 4 7 10
400031 0 3 4 7
400032 0 3 4 7
400034 0 3 7 10
400035 0 3 4 6 7 10
400041 0 4 7
400043 0 3 4 7
400044 0 3 4
400046 0 3 4 5 7
400047 0 3 4 7
400048 0 3 4 7
400049 0 3 4 7
400050 0 3 7
400052 0 3 4 5
400054 0 3 4 7
400056 0 3 5 7
400058 0 3 4 5 7
400059 0 3 4 7
400060 0 3 4 7
400062 0 3 5 7
400063 0 3 5 7
400064 0 3 4 5 7
400065 0 3 4 5 7
400067 0 3 4 5 7
400068 0 3 5 7
400069 0 3 5 7
400072 0 3 4 7
400075 0 3 5 7
400076 0 3 4 5 7
400077 0 3 4 7
400080 0 3 5 7
400082 0 3 4 7
400084 0 3 4 5 7
400085 0 3 5 7
400088 0 3 4 7
400089 0 3 4
400090 0 3 4
400091 0 3 5 7
400093 0 3 7
400094 0 3 4
400096 0 3 4
400098 0 4 7
400100 0 3 4 10
400101 0 3 4 10
400102 0 4
400103 0 4 7
400104 0 4 7
400105 0 4 7
400106 0 3 7 10
400107 0 3 4 7
400109 0 3 4 10
400110 0 3 7 10
400112 0 3 4 10
400115 0 3 4 7 10
400117 0 3 4 6 14
400118 0 3 4 10
400119 0 3 7 10
400122 0 3 4 6
400123 0 3 4 10
400124 0 3 7 10
400125 0 3 4 7 10
400126 0 3 4 6
400127 0 3 4 10
400129 0 3 4 6 7 10
400131 0 3 4 10
400132 0 3
400133 0 3 10
400134 0 3 4 10
400135 0 3 4
400136 0 3 4 10
400137 0 3 4 10
400138 0 3 4 6 10
400139 0 3 4
400141 0 3 4 10
400142 0 3 4 10
400147 0 3 4 6
400148 0 3 4 6
400149 0 3 4 10
400150 0 3 7 10
400152 0 3 4 6
400153 0 3 4 6 10
400156 0 3 4
400157 0 3 4 6
400158 0 3 4 10
400160 0 3 6 10
400162 0 3 4 10
400163 0 3 10
400164 0 3 4 6
400166 0 3 4 7 10
400167 0 3 6 7 10
400168 0 3 6
400169 0 3 6
400171 0 15
400173 0 2 3 7 15
400174 0 2 3 15
400175 0 2 3 7 15
400176 0 2 3 7 15
400177 0 3 15
400178 15
400179 0 2 3 4 7
400180 0 2 3 4 7 15
400182 0 2 3 4 7 15
400184 0 2 3 4 7 15
400185 0 2 3 4 7 15
400187 0 3 4
400188 0 3 4
400189 0 3 4
400192 0 3 4
400195 0 3
400196 0 3
400197 0 3 4 15
400199 0 3 4
400200 0 3
400201 0 3
400202 0 3 15
400203 0 3 4
400204 0 3 4 15
400205 15
400206 0 3 4 15
400207 0 3 4
400210 0 3
400214 0 3
400218 0 3 4 15
400219 0 3 4
400221 0 2 3 4 7
400223 0 15
400229 0 3 4 10
400230 0 3 4 10
400231 0 3 4 10
400232 0 3 4 10
400233 0 3 4 10
400235 0 3 10
400237 0 3 4 10
400238 0 3 4 6
400240 0 3 10
400241 0 3 4 10
400242 0 3 4
400243 0 3 4 6
400245 0 3 4 10
400246 0 3 4 6
400252 0 3 10
400253 0 3 4 10
400254 0 3 4
400255 0 3 4 6
400256 0 3 4 10
400257 0 3 4
400258 0 3 4 10
400260 0 3
400261 0 3 4 6 10
400262 0 3 4 10
400264 0 3 4 6
400265 0 3 4 6 10
400267 0 3 4 6
400268 0 3 4 6
400269 0 3 4 10
400272 0 3 4 6 10
400275 0 3 4 10
400279 0 4
400280 0 4
400282 0 3 4
400285 0 4
400286 0 4
400288 0 4
400289 0
500001 0 6
500002 0 6
500003 0 6
500004 0 6
500005 0 6
500006 0 6
500008 0 6
500009 0 6
500010 0 6
500016 0 8
500017 0 8
500019 0 8
500022 0 8
500023 0 3
500024 0 3 12
500025 0 3 8 12
500026 0 8 12
500027 0
500029 0 3 12
500031 0 3 6 8
500032 0 3 12
500033 0
500034 0 3 6 12
500035 0 3 6 8 12
500036 0 3 6 8 12
500039 0
500040 3 12
500041 3 12
500045 0
500046 0 8
500047 0 3 8 12
500048 0 3 6 8 12
500051 0 12
500053 12
500056 0 8 12
500058 0 6 8
500059 0 6 8
500060 0 6
500061 0 6 12
500064 0 8
500065 0 8
500066 0 8
500067 3 12
500068 0 6 8
500069 0 6 8
500070 0 6 8
500072 12
500075 0 8
500076 0 8
500077 0 8
500078 0
500080 3 12
500082 0 6 8
500083 0 6 12
500084 12
500087 0 8
500091 0
500095 0 3 6 8 12
500096 0 8 12
500097 0 8
500099 0 3 8 12
500100 0 3 6 8 12
500101 0 3 8
500102 0 3 6
500108 0
500109 0
500112 0
500113 0 3 6 8 12
500114 0 3 6 8 12
500115 0 3 6
500125 0 8
500126 0 8
500128 0 3 6
500133 0 8 12
500134 0 3 12
500135 0 3 6
500142 0 8
500146 0 8 12
500147 0 3 8
500148 6
500149 6
500154 0 8 12
500155 0 8
500156 0
500157 0 6
500160 0 3 6 8 12
500163 0
500168 0 3 12
500169 0 3 6 8 12
500172 0
500173 0 6
500174 0 3 6 8 12
500180 0
500182 0 3 6 8
500184 0
500185 0 3 6 12
500187 0 5 6 12
500189 0 3 6
500191 0 6
500192 0 6
500193 0 4
500195 0 4 5 6 12
500197 3
500198 3
500201 0 4 6
500203 0 5 6
500205 0 3 12
500206 0 3 12
500211 0 4
500212 0 4 5 6
500213 0 4 5 6
500214 0 6 12
500215 0 12
500221 0
500223 0
500225 0 4 6 12
500226 0 6 12
500233 0
500235 0 4 6
500242 0 4 6
500244 0 3 4 12
500245 0 4 12
500246 3 12
500247 0 3 8 12
500248 3
500249 0 12
500251 0 10
500253 0
500254 0
500255 0
500256 0
500262 0 4 10
500264 0 6
500267 15
500273 0 15
500274 0 6
500275 0 4 6
500276 0
500277 0
500278 0 6 8 16
500279 0 8 16
500280 0 6
500281 0
500282 0
500283 0 6 8
500286 15
500287 0 6 8
500288 0 6 8 16
500289 0 6 8 16
500293 0 6
500295 0 3 6 16
500296 0 6 8 16
500297 0
500298 0
500303 0 6 8 16
500305 0 16
500307 15
500308 15
500311 16
500312 0
500313 0 5
500315 16
500319 15
500320 15
500321 0
500322 0 2 5
500323 0 2
500325 0 2 5
500326 0 8 16
500327 16
500329 0
500330 0 2 5
500331 0 2 8
500332 0 15
500335 0 2
500337 0 2 5
500339 0 2 5
500341 0 2
500346 0 2
500347 0 2
500351 0 2
500352 0 2
500354 0 2 8
500356 0 15
500358 0
500359 0 2 8
500363 0 2
500364 0 2
500366 0 2
500368 0 2 8
500370 0 2
500371 0 2
500372 0 2
500376 0 2
500381 0 2 5
500383 0 2
500385 0 15
500386 0 2 5 16
500389 15
500392 0 16
500394 0 6 8
500397 0 2 8
500398 0 2 8 15
500399 15
500404 0 2
500406 0 2 8
500409 0 2
500410 0 2
500411 0 2
500412 0 2 8
500413 0 2 8
500415 0 8 16
500416 0 2 15
500418 0 2
500419 0 2 5
500420 0 2
500427 0 2 5
500431 15
500432 15
500434 0 2 5 16
500435 0 2 16
500436 0 8 12
500438 0 8 12
500439 0 8 12
500441 0 8 12
500442 0 8 12
500443 0 8 12
600001 0 4
600003 0 4
600005 0 4
600006 0 4
600008 0 4
600011 0 4
600014 0 4
600017 0 4
600019 0 4
600020 0 4
600021 0 4
600022 0 4
600023 0 4
600024 0 4
600026 0 4
600027 0 4
600028 0 4
600029 0 4
600030 0 4
600031 0 4
600033 0 4
600034 0 4
600035 0 4
600036 0 4
600037 0 4
600038 0 4
600039 0 4
600040 0 4
600041 0 4
600042 0 4
600043 0 4
600044 0 4
600047 0 4
600050 0 4
600052 0 4
600053 0 4
600054 0 4
600055 0 4
600066 0 4
600067 0 4
600068 0 4
600069 0 4
600070 0 4
600071 0 4
600073 0 4
600075 0 4
600076 0 4
600077 4
600079 0 4
600080 0 4
600081 0 4
600082 0 4
600083 0 4
600084 0 4
600085 0 4
600086 0 4
600087 0 4
600088 0 4
600089 0 4
600090 0 4
600091 0 4
600092 0 4
600094 0 4
600096 0 4
600097 0 4
600099 0 4
